Axis M1054
fx 592
fy 772
cx 1085
cy 489
k1 -0.3
k2 0.012
p1 -0.014
p2 -0.173

Axis M1054 at 640*480
fx = 783.946
fy = 730.718
cx = 324.815
cy = 132.644
k1 = -0.727
k2 = 0.165
p1 = 0.107
p2 = -0.013

Izshevsk1 at 640*480
fx = 723.6
fy = 723.6
cx = 318.9
cy = 254.6
k1 = -0.68
k2 = 0.437
p1 = 0
p2 = 0

IzshevskLatest at 640*480
fx = 737.5
fy = 737.5
cx = 306.4
cy = 238.5
k1 = -0.68
k2 = 0.447
p1 = 0
p2 = 0

